690
849
859
905
2083
2112
2147
2166
2241
2258
3270
3317
3334
3541
3653
3704
3831
3842
3982
4282
4541
4556
4590
4707
4712
4757
4811
4837
4845
5109
5164
5189
5310
5350
5386
5425
5506
5569
5587
5793
5914
6030
6041
6181
6299
6634
6651
6687
6719
6806
6892
6925
7013
7140
7158
7363
7484
7601
7612
7751
7852
8153
8602
8605
8632
8639
8649
8651
8662
8692
8693
8727
8729
8750
8756
8761
8762
8767
8851
8856
8866
8870
8875
8877
8886
8897
8913
8931
8935
8941
8954
8966
9012
9021
9026
9052
9055
9076
9078
9083
9087
9098
9151
9152
9161
9162
9172
9185
9190
9196
9221
9222
9250
9251
9296
9304
9305
9314
9315
9363
9368
9373
9377
9381
9383
9436
9437
9462
9489
9570
9574
9575
9577
9635
9636
9664
9666
9696
9706
9712
9735
9788
9912
10383
10665
10729
11170
12106
12395
14251
14771
15793
16069
16436
16501
17585
18199
18239
18383
18491
18533
19012
19199
19204
19205
19207
19208
19276
19382
19461
19529
19531
19532
19630
19817
20350
20351
20352
20354
20525
20530
20531
20557
20590
20634
20652
20664
20680
20744
20755
20756
20782
20803
20807
20858
20901
20910
20917
20919
20929
20947
20951
21012
21056
21058
21067
21084
21209
21217
21358
21368
21377
21415
21422
21425
21434
21435
21445
21447
21449
21478
21495
21505
21509
21534
21565
21574
21587
21592
21593
21642
21650
21747
21757
21765
21766
21778
21781
21809
21811
21829
21901
21921
21927
21950
21992
22015
22020
22042
22105
22127
22171
22172
22185
22189
22195
22215
22286
22291
22302
22306
22329
22332
22335
22360
22376
22418
22419
22420
22455
22459
22536
22539
22552
22558
22559
22593
22629
22648
22664
22668
22805
22813
22822
22828
22907
23008
23016
23064
23112
23123
23127
23144
23151
23194
23198
23225
23227
23232
23265
23270
23276
23286
23293
23457
23544
23652
23662
23667
23692
23713
23756
23757
23758
23759
23761
23767
23783
23889
23899
23922
23987
23991
24158
24187
24217
24218
24237
24241
24242
24244
24261
24291
24371
24404
24437
24480
24495
24497
24519
24520
24539
24545
24620
24626
24670
24671
24676
24685
24692
24708
24717
24733
24758
24781
24784
24786
24794
24795
24804
24813
24818
24829
24848
24856
24857
24981
25094
25111
25153
25207
25227
25233
25237
25238
25242
25297
25344
25345
25346
25385
25386
25396
25447
25461
25474
25518
25572
25581
25673
25739
25812
25921
25924
25926
25927
25969
25998
26163
26219
26232
26248
26277
26298
26299
26303
26317
26349
26357
26368
26400
26458
26464
26475
26481
26512
26517
26522
26532
26539
26583
26586
26612
26658
26685
26688
26708
26788
26804
26809
26810
26822
26823
26864
26884
26938
26957
26960
26977
27016
27029
27034
27050
27096
27128
27132
27149
27225
27228
27234
27273
27274
27277
27349
27440
27441
27461
27483
27494
27495
27505
27512
27516
27519
27520
27525
27550
27556
27557
27563
27565
27567
27594
27611
27630
27649
27689
27690
27702
27703
27716
27717
27720
27732
27734
27739
27830
27846
27854
27864
27875
27890
27905
27908
27911
27913
27923
27959
27960
27974
27975
27977
27981
28007
28013
28015
28025
28047
28064
28070
28090
28091
28106
28122
28174
28177
28179
28197
28211
28212
28221
28240
28331
28338
28347
28419
28420
28421
28475
28509
28578
28593
28616
28619
28620
28674
28677
28684
28695
28746
28841
28948
28951
28953
28988
29007
29032
29145
29179
29222
29247
29250
29255
29259
29264
29265
29412
29450
29452
29454
29467
29468
29481
29500
29660
29698
29701
29708
29720
29899
29900
29979
29987
29989
30000
30002
30070
30185
30186
30195
30220
30223
30266
30268
30280
30286
30287
30320
30353
30368
30385
30388
30395
30506
30605
30611
30612
30645
30678
30706
30713
30744
30745
30753
30766
30775
30776
30781
30784
30788
30803
30815
30820
30821
30824
30848
30911
30922
30926
30937
30956
30972
31022
31025
31026
31028
31055
31073
31075
31087
31089
31090
31146
31148
31151
31152
31153
31154
31155
31157
31160
31168
31228
31229
31243
31412
31447
31450
31456
31469
31648
31649
31728
31736
31738
31749
31752
31821
31935
31936
31953
31970
31973
32015
32017
32030
32036
32037
32070
32103
32118
32135
32138
32153
32264
32348
32363
32382
32407
32459
32651
32670
32693
32726
32840
33027
33053
33070
33172
33176
33192
33249
33283
33354
33356
33362
33367
33371
33389
33545
33570
33571
33572
33575
33579
33590
33616
33617
33628
33823
33964
33971
34051
34078
34172
34537
35428
35429
35522
35523
35554
35563
35576
35627
35697
35716
35726
35762
35774
35850
35898
36021
36022
36025
36090
36114
36197
36266
36270
36271
36274
36286
36315
36328
36351
36452
36455
36459
36476
36525
36569
36681
36864
36918
36969
37150
37268
37315
37513
37556
37587
37838
37866
37971
38077
38333
38349
38379
38420
38421
38480
38549
38610
38711
38715
38893
38969
39009
39463
39802
40007
40021
40026
40028
40062
40169
40200
40438
40460
40547
40598
40630
40656
40667
40671
40704
40721
40744
40807
41104
41105
41117
41156
41164
41451
41489
41525
41567
41597
41604
41679
41778
41810
42034
42056
42143
42194
42227
42252
42263
42267
42301
42319
42341
42402
42634
42635
42653
42681
42686
42929
42967
43004
43046
43074
43082
43109
43155
43203
43210
43246
43362
43366
43367
43623
43680
43687
43688
43697
43703
43763
43792
43862
43867
43913
43956
43976
43996
44034
44035
44050
44051
44072
44133
44137
44163
44182
44199
44236
44283
44332
44380
44480
44529
44545
44547
44569
44576
44583
44660
44693
44769
44801
44906
44943
44948
44997
45068
45076
45105
45156
45185
45247
45268
45284
45318
45322
45333
45358
45390
45439
45684
45685
45688
45849
45854
46008
46170
46200
46411
46414
46443
47227
48026
48126
48127
48130
48258
48265
48334
48378
48381
48385
48394
48396
48446
48447
48480
48494
48500
48521
48736
48758
48831
48932
48936
48946
48973
49027
49031
49040
49041
49083
49120
49121
49126
49127
49131
49134
49157
49158
49168
49169
49170
49171
49172
49177
49181
49187
49188
49189
49190
49193
49196
49302
49310
49367
49525
49568
49570
49607
49617
49619
49621
49661
49791
49877
49878
49881
50006
50013
50081
50140
50162
50176
50180
50201
50429
50457
50460
50465
50467
50535
50591
50614
50618
50620
50636
50693
50718
50780
50798
50862
50912
51003
51175
51263
51275
51276
51286
51287
51292
51314
51329
51337
51353
51359
51388
51404
51505
51518
51525
51538
51562
51826
51922
51973
52060
52218
52246
52284
52345
52348
52362
52402
52403
52510
52511
52653
52655
52658
52697
52783
52784
52789
52799
52837
52838
52905
53075
53076
53159
53226
53240
53249
53264
53276
53295
53299
53617
53628
53808
53923
53950
53952
53961
53967
53977
54057
54058
54060
54063
54069
54089
54115
54130
54165
54180
54181
54254
54289
54322
54326
54913
55113
55134
55316
55317
55326
55331
55453
55574
55820
55859
55867
55983
56143
56160
56188
56246
56260
56354
56388
56411
56520
56537
56541
56691
56769
56786
56858
56860
57030
57031
57066
57117
57136
57161
57182
57194
57277
57408
57476
57486
57502
57523
57532
57570
57584
57616
57640
57687
57699
57733
57747
57882
57997
57998
58020
58024
58026
58031
58037
58096
58099
58118
58119
58120
58128
58135
58166
58170
58197
58209
58219
58235
58321
58324
58334
58344
58351
58375
58390
58396
58418
58436
58441
58459
58473
58476
58519
58596
58614
58633
58699
58712
58742
58767
58786
58791
58818
58820
58822
58857
58903
59001
59045
59052
59054
59066
59067
59079
59088
59119
59137
59153
59159
59196
59207
59210
59215
59232
59382
59383
59407
59440
59455
59456
59457
59485
59487
59492
59511
59590
59603
59660
59726
59728
59817
59843
59876
59963
60015
60098
60156
60194
60345
60498
60548
60649
60663
60743
60757
60861
60899
60902
60978
60984
60996
61000
61002
61006
61043
61046
61080
61081
61092
61138
61146
61152
61171
61172
61173
61179
61182
61185
61193
61202
61217
61222
61227
61228
61243
61256
61259
61260
61265
61268
61308
61341
61348
61362
61364
61367
61378
61394
61416
61430
61449
61460
61461
61486
61493
61502
61503
61512
61533
61535
61538
61545
61568
61575
61580
61582
61592
61603
61605
61611
61614
61621
61661
61666
61676
61680
61681
61682
61683
61708
61715
61734
61740
61744
61746
61773
61778
61798
61804
61805
61806
61807
61814
61823
61826
61830
61875
61877
61929
61980
62008
62019
62022
62023
62059
62109
62133
62136
62180
62252
62262
62265
62279
62302
62323
62326
62347
62365
62438
62463
62473
62478
62494
62498
62500
62529
62538
62539
62540
62589
62611
62613
62630
62631
62657
62658
62767
62773
62795
62898
62899
62904
62943
63002
63004
63039
63047
63114
63123
63179
63202
63242
63293
63301
63348
63466
63518
63521
63533
63568
63577
63586
63587
63595
63612
63633
63665
63669
63675
63692
63716
63735
63781
63791
63805
63807
63808
63810
63811
63880
64042
64079
64081
64150
64152
64163
64186
64215
64220
64285
64338
64371
64395
64481
64503
64506
64508
64511
64513
64514
64516
64526
64528
64532
64538
64540
64542
64602
64604
64605
64618
64635
64647
64650
64660
64661
64678
64695
64701
64742
64772
64833
64942
64946
64960
64983
64988
64991
65031
65062
65075
65105
65119
65146
65222
65257
65274
65293
65305
65308
65313
65314
65319
65324
65443
65444
65452
65470
65482
65491
65515
65546
65570
65781
65831
65850
65859
65906
65914
65952
65997
66010
66041
66045
66103
66107
66147
66175
66186
66262
66292
66298
66320
66350
66384
66407
66411
66414
66415
66417
66423
66426
66462
66548
66552
66601
66672
66674
66688
66716
66719
66738
66746
66961
66990
67004
67050
67064
67097
67098
67430
67431
67447
67449
67477
67487
67490
67565
67591
67603
67631
67636
67641
67645
67648
67663
67741
67742
67764
67775
67777
67827
67833
67850
67886
67925
67926
67929
67932
67943
67949
67955
67956
67960
67964
67970
68066
68067
68068
68070
68073
68078
68110
68170
68171
68205
68257
68258
68276
68288
68291
68292
68296
68304
68383
68388
68440
68461
68505
68519
68552
68636
68642
68655
68669
68688
68690
68714
68718
68723
68757
68825
68922
68937
68987
68988
68991
68993
68994
68996
69012
69027
69176
69282
69325
69337
69360
69392
69397
69399
69412
69415
69417
69427
69442
69448
69459
69462
69464
69466
69467
69471
69473
69500
69501
69515
69520
69592
69601
69653
69668
69669
69688
69689
69700
69754
69773
69829
69849
69853
69856
69864
69900
69914
69939
69942
69977
69981
69984
69986
69990
70001
70003
70006
70010
70013
70014
70024
70059
70072
70085
70094
70106
70129
70130
70133
70143
70148
70154
70167
70171
70180
70188
70207
70224
70250
70264
70268
70271
70300
70301
70305
70308
70310
70319
70321
70325
70326
70329
70339
70351
70361
70386
70394
70422
70437
70438
70461
70463
70466
70468
70469
70494
70530
70555
70633
70637
70892
70893
70894
70895
70901
70903
70904
70905
70906
70907
70908
70909
70910
70915
70916
70975
71000
71066
71083
71099
71100
71111
71113
71118
71133
71182
71189
71210
71213
71225
71239
71251
71258
71313
71333
71337
71349
71379
71397
71398
71406
71428
71463
71505
71507
71549
71552
71555
71562
71569
71570
71575
71590
71594
71598
71608
71612
71618
71627
71631
71646
71649
71658
71680
71684
71686
71693
71700
71704
71729
71735
71737
71739
71744
71753
71764
71769
71784
71785
71789
71807
71817
71829
71846
71856
71858
71866
71873
71893
71922
71925
71930
71931
71934
71942
71952
71954
71958
71973
71981
71985
71988
71991
71997
71998
71999
72013
72020
72028
72061
72072
72096
72098
72118
72120
72122
72127
72133
72205
72208
72242
72351
72361
72375
72393
72410
72462
72463
72469
72492
72501
72502
72508
72515
72574
72594
72643
72666
72698
72711
72713
72732
72738
72774
72783
72823
72837
72855
72861
72893
72901
72921
73040
73079
73086
73096
73106
73127
73152
73157
73162
73175
73193
73198
73206
73230
73240
73248
73249
73421
73456
73458
73509
73510
73514
73538
73557
73608
73681
73723
73756
73805
73811
73827
73845
73858
73867
73879
73880
73892
73893
73898
73901
74059
74061
74081
74085
74103
74129
74159
74172
74223
74238
74257
74318
74358
74369
74381
74383
74394
74411
74413
74426
74440
74448
74457
74468
74471
74549
74556
74580
74584
74609
74613
74627
74665
74669
74671
74676
74686
74688
74689
74756
74840
74882
74884
74924
74943
74975
74987
74993
75017
75055
75064
75105
75122
75181
75192
75209
75214
75260
75270
75289
75463
75510
75519
75568
75683
75686
75702
75776
75788
75805
75865
75873
75905
75929
76014
76104
76111
76129
76145
76156
76271
76422
76460
76489
76506
76557
76568
76579
76623
76651
76691
76706
76710
76770
76791
76808
76810
76823
76831
76832
76869
76878
76888
76920
76955
76958
76980
76994
77010
77027
77058
77065
77091
77095
77112
77137
77260
77279
77291
77306
77320
77333
77342
77419
77423
77428
77434
77442
77454
77477
77510
77538
77560
77604
77607
77608
77625
77711
77752
77754
77796
77814
77890
77961
77998
78014
78113
78114
78115
78116
78117
78118
78119
78120
78121
78122
78123
78345
78352
78359
78367
78417
78480
78522
78550
78569
78593
78607
78611
78642
78644
78645
78672
78699
78718
78739
78747
78750
78932
78933
78950
78952
79171
79178
79222
79304
79314
79363
79385
79457
79476
79478
79521
79527
79745
79757
79758
79837
79905
79907
79908
79909
79910
79911
79930
80042
80065
80066
80075
80223
80241
80242
80925
80994
81011
81188
81189
81304
81330
81337
81340
81347
81362
81377
81490
81519
81885
81972
82015
82032
82050
82051
82081
82150
82162
82171
82174
82222
82236
82357
82413
82414
82417
82420
82455
82458
82459
82461
82469
82492
82497
82499
82517
82519
82594
82634
82637
82649
82680
82817
82818
82834
82942
83000
83005
83006
83007
83008
83009
83025
83026
83046
83142
83149
83156
83160
83165
83169
83190
83216
83223
83226
83238
83243
83260
83261
83263
83274
83305
83312
83333
83334
83335
83336
83337
83342
83345
83351
83352
83360
83408
83438
83439
83451
83470
83490
83514
83528
83533
83559
83560
83561
83587
83873
84074
84323
84460
84498
84973
85201
85242
85243
85408
85583
85793
85952
86055
86182
86247
86716
87031
87457
87475
88061
88078
88160
88253
88308
88470
88471
88501
88523
88547
88557
88648
88660
88710
88847
88850
88985
89070
89095
89115
89264
89302
89363
89472
89521
89531
89616
89625
89649
89664
89689
89690
89803
89976
89979
90031
90191
90192
90222
90243
90268
90278
90367
90380
90430
90566
90569
90705
90789
90815
90835
90970
91130
91131
91161
91182
91207
91217
91305
91318
91364
91501
91504
91637
91722
91749
91769
91850
91858
91859
91894
91976
92233
92276
92280
92305
92356
92412
92438
92481
92554
92581
92582
92587
92624
92668
92715
92716
92721
92722
92723
92731
92762
92781
92792
92801
92802
92814
92824
92836
92859
92880
92950
92951
93062
93063
93075
93174
93244
93335
93336
93338
93343
93349
93356
93376
93388
93389
93456
93503
93508
93511
93564
93565
94099
94182
94196
94221
94374
94375
94378
94430
94431
94441
94449
94467
94577
94597
94609
94710
94737
94753
94780
94783
94790
94793
94799
94824
94829
94870
94915
94925
94935
94954
94989
94995
95190
95304
95453
95464
95475
95527
95577
95581
95582
95583
95604
95605
95606
95608
95746
95963
96024
96026
96052
96053
96347
96420
96603
96691
96696
96898
96957
96991
97323
97395
98224
98306
98451
98542
98582
98718
98926
98986
99001
99083
99217
99242
99337
99477
99654
99656
99720
99721
99724
99753
99757
99959
99986
100030
100051
100105
100107
100119
100125
100133
100179
100183
100195
100206
100214
100256
100262
100303
100322
100324
100337
100355
100377
100380
100467
100489
100493
100512
100517
100521
100535
100542
100575
100577
100588
100602
100672
100678
100692
100694
100696
100857
101096
101238
101261
101492
101517
101518
101522
101524
101528
101923
101927
101954
101983
102290
102305
102401
102423
102424
102434
102455
102472
102511
102557
102560
102562
102563
102564
102565
102568
102574
102576
102577
102578
102579
102622
102643
102648
102665
102670
102671
102682
102733
102744
102775
102962
103082
103167
103207
103208
103210
103288
103290
103291
103292
103294
103296
103298
103299
103300
103322
103323
103354
103442
103450
103451
103464
103481
103486
103495
103496
103564
103769
103792
103813
103821
103856
104044
104045
104068
104078
104084
104085
104102
104164
104179
104202
104210
104221
104222
104235
104279
104353
104417
104447
104627
104629
104658
104659
104660
104719
104720
104878
104886
104986
105320
105325
105343
105346
105364
105365
105366
105367
105368
105369
105376
105377
105378
105379
105380
105381
105385
105446
105487
105606
105683
105684
105799
105800
105801
105802
105807
105808
105848
105849
105976
106003
106004
106005
106035
106123
106125
106424
106452
106476
106480
106989
107145
107146
107147
107162
107165
107169
107231
107244
107254
107255
107292
107304
107306
107308
107331
107334
107354
107400
107469
107510
107511
107622
107643
107825
107827
107828
107829
107831
107953
107954
107955
107957
107959
107967
107973
107987
107995
107999
108000
108027
108034
108041
108056
108076
108077
108092
108095
108098
108118
108123
108136
108173
108182
108226
108338
108341
108343
108359
108364
108411
108624
108625
108714
108718
108726
108727
108757
108765
108766
108952
108961
109027
109029
109099
109101
109109
109113
109292
109345
109668
109675
109682
109698
109699
109700
109708
109773
109791
109807
109875
109878
109888
109917
109951
109960
109963
109971
109985
109990
110135
110179
110278
110281
110340
110368
110397
110399
110400
110408
110420
110430
110448
110491
110492
110501
110528
110554
110557
110561
110564
110595
110673
111326
111334
111335
111337
111346
111357
111421
111715
111718
111732
111755
111773
111817
111819
111821
111826
111827
111828
111836
111918
112002
112005
112014
112039
112070
112079
112082
112089
112102
112366
112368
112423
112447
113372
113373
113813
113893
113955
113956
113959
113975
114003
114005
114036
114042
114047
114052
114053
114063
114064
114067
114069
114079
114090
114107
114112
114162
114186
114196
114197
114224
114248
114282
114310
114312
114372
114377
114396
114400
114404
114413
114431
114441
114461
114475
114477
114480
114488
114492
114493
114495
114523
114526
114637
114654
114662
114725
114923
114936
114947
114986
115169
115223
115247
115259
115295
115300
115317
115398
115482
115498
115499
115523
115536
115608
115641
115648
115666
115697
115715
115717
115718
115735
115768
115866
115884
115888
115934
115971
115972
115994
115999
116009
116034
116143
116164
116300
116318
116350
116421
116430
116442
116480
116508
116516
116524
116535
116564
116587
116589
116636
116732
116733
116751
116800
116841
116856
116861
116873
116899
116988
117084
117104
117113
117117
117135
117136
117166
117220
117297
117481
117493
117504
117545
117822
117846
117858
117897
117899
117919
117996
118081
118095
118096
118121
118134
118205
118254
118256
118299
118308
118389
118588
118602
118626
118627
118642
118726
118824
118865
118877
118902
118967
118990
119065
119105
119107
119304
119343
119354
119366
119467
119477
119554
119589
119641
119674
119711
119758
119759
119760
119766
119767
119816
119821
119828
119875
119879
119942
119951
119954
119960
119974
119979
119983
119984
119986
119991
119992
119995
120038
120039
120042
120051
120075
120081
120335
120338
120347
120422
120423
120579
120580
120626
120631
120632
120904
120910
121133
121136
121145
121217
121218
121286
121305
121308
121317
121389
121390
121537
121888
121909
122002
122008
122043
122052
122146
122262
122293
122350
122450
122458
122460
122462
122475
122562
123033
123120
123434
123599
123910
124005
124016
124084
124341
124518
124537
124581
124812
124814
124828
124837
124897
125133
125136
125234
125435
125524
125565
125604
125665
125666
125670
125716
125744
125770
125775
125825
125835
125842
125844
126183
126192
126212
126239
126240
126257
126258
126259
126322
126330
126389
126390
126391
126392
126393
126411
126549
126550
126555
126556
126557
126558
126559
126563
126564
126565
126566
126568
126601
126602
126603
126628
126658
126659
126671
126699
126700
126702
126720
126733
126756
126823
127271
127288
127375
127510
127587
127731
128222
128228
128236
128297
128359
128362
128411
128441
128467
128689
128794
128811
128847
128864
128938
129024
129073
129227
129228
129715
129727
129731
129748
129793
129794
129829
129850
129851
129974
130395
130670
130681
130713
130867
130869
130887
130939
131172
131176
131273
131357
131417
131496
131499
131537
131555
131575
131580
131622
131629
131863
131959
132088
132295
132297
132316
132332
132369
132400
132501
132797
132800
132802
132803
132806
132888
132891
132903
132913
132994
133050
133052
133055
133209
133210
133233
133267
133270
133272
133286
133341
133383
133705
133723
133724
133766
133799
133810
133819
133839
133949
134332
134583
134593
134622
134749
134809
134959
134991
135059
135062
135093
135111
135131
135136
135154
135175
135183
135342
135364
135412
135512
135539
135592
135715
135918
135919
135925
135961
136022
136072
136079
136161
136240
136490
136492
136645
136658
136662
136729
136744
136795
136845
136854
136865
136936
137059
137060
137317
137401
137459
137463
137586
137756
137814
137863
137864
137881
137902
137955
137956
137985
138065
138201
138210
138343
138400
138402
138407
138411
138435
138513
138763
138765
138924
138928
138996
139061
139112
139257
139528
139606
139856
139858
140017
140021
140089
140154
140205
140337
140338
140348
140749
140786
140828
140888
140889
140894
141082
141084
141091
141092
141093
141128
141253
141308
141354
141360
141459
141937
141938
141948
142324
142362
142404
142578
142579
142684
142711
142752
143154
143155
143156
143291
143316
143317
143318
143319
143345
143377
143448
143456
143499
143521
143587
143671
143738
143802
143831
143878
144095
144103
144147
144170
144197
144198
144199
144200
144295
144305
144311
144334
144343
144435
144436
144506
144531
144532
144533
144534
144560
144583
144585
144591
144600
144769
144924
144932
144974
144985
145164
145175
145210
145344
145499
145507
145541
145703
145722
145781
145878
145879
145913
145957
145963
145993
146002
146105
146108
146117
146118
146192
146276
146471
146496
146505
146679
146710
146849
146935
147032
147095
147199
147223
147468
147628
147631
147875
147894
147897
148000
148162
148245
148391
148441
148593
148610
148716
148861
148862
148871
148874
148975
148984
149015
149019
149061
149096
149097
149192
149238
149256
149419
149466
149626
149642
149682
149761
149787
149826
149831
149858
149866
149954
149957
149966
149967
150084
150096
150216
150242
150250
150329
150345
150465
150540
150667
150702
150804
150825
151046
151180
151220
151572
151598
151628
151751
151780
151787
151811
151925
151973
152089
152097
152133
152135
152147
152164
152171
152189
152198
152221
152225
152228
152240
152252
152253
152254
152287
152301
152313
152322
152325
152337
152342
152430
152442
152452
152571
152572
152627
152640
152684
152685
152721
152739
152778
152790
152795
152805
152820
152845
152923
152988
153010
153029
153039
153056
153073
153081
153090
153097
153109
153110
153123
153131
153134
153142
153155
153170
153187
153192
153345
153372
153405
153463
153532
153543
153585
153889
154002
154005
154007
154011
154022
154039
154072
154082
154107
154108
154122
154123
154132
154133
154143
154144
154150
154151
154152
154168
154354
154362
154392
154393
154395
154406
154422
154431
154437
154443
154446
154447
154464
154475
154505
154519
154521
154522
154557
154561
154640
154669
154692
154726
154733
154741
154748
154765
154770
154783
154791
154810
154833
154892
154940
154967
154988
155003
155013
155018
155030
155065
155082
155119
155120
155147
155154
155212
155220
155239
155241
155251
155267
155292
155301
155325
155330
155332
155341
155352
155353
155354
155386
155399
155411
155420
155423
155436
155441
155527
155580
155585
155603
155620
155630
155639
155641
155649
155662
155663
155686
155775
155795
155923
155990
156208
156230
156258
156298
156349
156360
156393
156499
156622
156653
156687
156777
156841
156862
156878
156900
157009
157010
157011
157031
157032
157035
157043
157047
157048
157237
157249
157267
157372
157425
157432
157434
157498
157501
157503
157509
157552
157554
157573
157625
157627
157685
157693
157695
157713
157722
157728
157750
157782
157795
157864
157865
157867
157890
157901
157908
157917
157925
157929
157936
157937
157967
157978
158042
158062
158083
158147
158225
158243
158255
158365
158440
158441
158443
158447
158460
158461
158549
158564
158581
158598
158636
158691
158710
158729
158787
158795
158821
158822
158828
158832
158837
158848
158852
158862
158883
158884
158885
158969
158983
159025
159042
159043
159047
159078
159085
159144
159145
159146
159202
159203
159227
159230
159314
159315
159317
159369
159463
159475
159493
159598
159648
159650
159713
159715
159733
159761
159762
159797
159803
159805
159833
159837
159856
159888
159901
159939
159971
159972
159974
159996
160007
160014
160027
160034
160035
160062
160072
160117
160133
160151
160196
160220
160330
160348
160362
160467
160468
160469
160489
160490
160492
160497
160503
160504
160543
160567
160569
160574
160582
160616
160655
160656
160657
160658
160660
160662
160667
160668
160713
160758
160759
160769
160843
160844
161106
161127
161161
161413
161538
161578
161817
161868
162081
162185
162246
162431
162473
162516
162598
162603
162677
162832
162852
162943
162993
163009
163031
163114
163165
163187
163316
163379
163437
163464
163482
163529
163561
163572
163586
163721
163748
163753
163767
163776
164036
164043
164061
164198
164224
164446
164499
164503
164594
165096
165314
165321
165409
165595
165758
165820
165918
166284
166553
166955
166956
166957
167273
167543
167839
167840
167842
167916
167994
168023
168024
168050
168054
168059
168093
168121
168181
168297
168562
168563
168564
169359
169624
169665
169692
169724
169736
169778
169859
170250
170349
170417
170568
170569
170635
170680
170743
170744
171286
171356
171521
171523
171524
171593
171635
171649
171652
171666
171735
171742
171745
171760
171825
172386
172432
172575
172661
172703
172704
172705
172771
172811
172812
172813
172840
172909
172923
172981
174013
174043
174058
174103
174115
174120
174145
174155
174166
174170
174186
174188
174211
174215
174228
174232
174261
174294
174300
174308
174381
174394
174409
174458
174465
174556
174582
174634
174685
174841
175014
175015
175019
175033
175046
175049
175051
175052
175160
175211
175361
175370
175373
175374
175440
175441
175464
175509
175540
175660
175661
175753
175798
176262
176586
176764
176865
176926
177053
177163
177178
177195
177305
177386
177761
177779
177794
177940
177980
178018
178048
178357
178455
178611
178944
179109
179263
179266
179272
179278
179284
179289
179346
179628
179638
179690
179728
179737
179786
179869
179870
179925
179949
179954
179961
180016
180029
180037
180039
180051
180082
180119
180162
180165
180226
180227
180230
180231
180249
180251
180440
180519
180544
180622
180623
180827
180984
180988
181179
181181
181209
181298
181332
181368
181370
181449
181482
181627
181634
181635
182027
182078
182635
182840
182846
183108
183536
184357
184359
184390
184393
184407
185078
185325
185423
185455
185598
185606
185622
185628
185722
185730
185735
185738
185770
185771
185773
185776
185826
185948
186334
186391
186400
186408
186420
186423
186465
186564
186566
186567
186586
186589
186764
186834
186926
187102
187140
187228
187599
187621
187652
187653
187770
187818
187836
187837
187839
187869
187911
187928
188047
188070
188269
188277
188278
188293
188371
188375
188431
188611
188646
189004
189302
189496
189682
189714
189726
189974
189976
189992
189994
190438
190644
190664
190758
190825
190831
190857
190858
191181
191214
191220
191230
191265
191340
191342
191343
191357
191359
191473
191491
191510
191537
191538
191622
191660
191671
191673
191695
191722
191810
191828
192055
192078
192189
192195
192200
192206
192431
192441
192455
192472
192497
192507
192605
192646
192671
192675
192723
192739
192759
192786
192822
192824
192862
192864
192879
192880
193078
193153
193297
193400
193405
193552
193576
193640
193694
194171
194335
194364
194386
194914
195106
195182
195750
196061
196153
196162
196164
196201
196207
196216
196217
196464
196469
196822
196835
196889
196964
197354
197383
197551
197556
197669
197693
197718
197759
197816
197817
197896
197921
198079
198118
198129
198194
198440
198450
198496
198557
198606
198776
198884
198916
198926
199300
199419
199438
199446
199448
199450
199908
200035
200617
200624
200679
200759
201042
201353
201485
201542
201782
201793
201989
202208
202257
202388
203434
203515
203944
204295
204323
204595
204617
204722
205018
205135
205137
205345
205610
205718
205738
205769
205793
205838
205973
206299
206393
207392
207644
207666
207745
207786
207804
207954
208043
208312
208384
208386
208460
208481
208720
208980
209030
209031
209142
209284
209326
209391
209595
209755
209964
210700
210792
210974
211329
211374
211490
211729
211946
212010
212047
212053
212495
212496
212556
212602
212609
212637
212702
212703
213178
213190
213191
213457
213905
213908
213917
213931
214029
214463
214494
214549
214810
215029
215167
215264
215351
215374
215425
215643
215752
215779
215890
215914
215994
216652
216745
216844
216871
217184
217187
217189
217194
217323
217324
217329
218165
218176
218233
219264
219653
219662
220043
220054
220196
220314
220432
220466
220597
220599
220609
221239
221244
221773
221797
221898
222112
222338
222419
222828
222829
223021
223171
223305
223608
223609
223615
223861
224027
224038
224096
225127
225516
225525
225905
225916
226059
226176
226294
226328
226460
226461
226471
227102
227108
227367
227369
227379
227447
227494
227497
227532
227808
227813
227869
227888
227986
228236
228294
228295
228367
228381
228542
228557
228565
228650
228721
228729
228734
228761
228773
228874
228966
228977
228979
229033
229166
229183
229186
229193
229198
229244
229260
229287
229318
229401
229407
229432
229436
229492
229493
229543
229548
229559
229580
229585
229599
229686
229765
229839
229857
229947
230023
230072
230073
230195
230214
230229
230233
230285
230298
230311
230323
230332
230340
230345
230356
230377
230413
230461
230465
230466
230519
230615
230625
230661
230777
230901
230947
230950
230958
230959
230966
230967
230969
230988
230994
230999
231010
231022
231415
231433
231487
231498
231526
231529
231541
231544
231548
231556
231557
231569
231578
231580
231589
231604
231605
231624
231625
231636
231637
231638
231692
231798
231909
232131
232191
232224
232227
232260
232274
232400
232430
232468
232487
232538
232580
232665
232732
232733
232782
232788
232859
232860
232866
232875
232883
232899
233024
233079
233081
233092
233191
233193
233259
233389
233445
233496
233685
233688
233695
233700
233746
233762
233788
233789
233903
233920
233934
233938
233994
234045
234082
234087
234102
234189
234266
234339
234357
234448
234524
234572
234573
234694
234708
234713
234719
234728
234732
234797
234811
234823
234832
234845
234856
234877
234913
234959
234963
234964
235018
235061
235158
235274
235397
235443
235446
235454
235455
235460
235463
235465
235483
235490
235494
235506
235518
235914
235990
236001
236028
236043
236046
236050
236058
236059
236071
236080
236082
236091
236105
236106
236125
236126
236137
236138
236139
236193
236309
236385
236390
236415
236669
236707
236775
236819
236880
236915
236987
237088
237116
237117
237121
237156
237305
237309
237430
237452
237463
237541
237583
237607
237608
237623
237700
237733
237738
237856
237868
237876
237887
237893
237895
238104
238127
238167
238179
238180
238181
238201
238205
238211
238262
238410
238451
238547
238595
238598
238633
238938
238992
238993
238994
239005
239006
239025
239026
239042
239050
239053
239061
239072
239074
239081
239086
239089
239105
239134
239145
239207
239212
239267
239287
239385
239635
239694
239695
239768
239781
239941
239957
239964
240050
240121
240130
240134
240161
240173
240272
240364
240375
240377
240430
240557
240572
240581
240590
240597
240598
240667
240672
240698
240699
241000
241012
241023
241027
241034
241053
241055
241056
241061
241063
241070
241074
241121
241244
241361
241499
241553
241554
241557
241604
241642
241663
241674
241687
241696
241708
241721
241787
241790
241805
241823
241945
241946
241996
242071
242163
242180
242255
242334
242369
242422
242438
242442
242479
242529
242545
242586
242591
242621
242735
242762
242778
242822
242828
242834
242837
242870
242900
243018
243026
243032
243033
243072
243090
243106
243120
243138
243146
243147
243150
243212
243240
243307
243340
243358
243372
243385
243388
243389
243422
243466
243500
243560
243565
243566
243568
243575
243581
243585
243590
243593
243647
243690
243769
243835
243837
243852
243854
244027
244031
244072
244083
244107
244156
244270
244272
244289
244317
244339
244340
244342
244348
244391
244399
244412
244479
244480
244668
244674
244817
244909
245030
245062
245064
245119
245129
245265
245373
245379
245380
245399
245419
245505
245526
245596
245609
245620
245624
245625
245627
245628
245629
245658
245660
245667
245668
245711
245824
245932
246060
246108
246109
246112
246156
246187
246204
246215
246225
246234
246245
246259
246315
246319
246327
246331
246338
246348
246415
246440
246441
246546
246620
246637
246706
246771
246845
246848
246860
246863
246888
246930
246980
246982
247009
247106
247125
247142
247185
247190
247195
247198
247304
247321
247327
247333
247339
247340
247412
247424
247443
247571
247740
247781
247782
247783
247791
247822
247826
247836
247846
247847
247856
247858
247861
247871
247894
247906
247924
247960
247991
248097
248130
248165
248367
248369
248375
248376
248378
248379
248384
248385
248433
248499
248500
248529
248689
248693
248694
248697
248722
248749
248752
248771
248776
248777
248789
248877
248980
249044
249050
249233
249235
249304
249318
249322
249514
249544
249547
249551
249590
249675
249771
249803
249835
249864
249915
249942
249959
249960
249961
249962
249963
249964
249965
249966
249969
249970
250136
250139
250140
250149
250162
250164
250173
250180
250416
250550
250629
250633
250640
250642
250645
250649
250651
250652
250658
250661
250670
250671
250678
250680
250684
250688
250689
250690
250861
251042
251087
251099
251101
251132
251140
251155
251166
251325
251330
251331
251434
251510
251520
251521
251533
251534
251987
252124
252165
252174
252175
252185
252186
252211
252458
252574
252634
252797
252901
252917
252948
253077
253115
253250
253321
253376
253516
253599
253727
253758
253775
254030
254071
254091
254183
254372
254388
254418
254535
254550
254580
254669
254900
254974
254997
254999
255077
255078
255098
255109
255140
255153
255194
255258
255319
255372
255428
255429
255436
255562
255694
255797
255813
255823
255891
255892
255922
256618
256620
256743
256803
256980
257020
257024
257266
257382
257389
257392
257396
257397
257401
257411
257521
257538
257562
257804
257810
258131
258189
258237
258289
258316
258388
258391
258423
258702
258723
258735
258743
258746
258754
258792
258821
258875
258919
258974
258977
258982
259051
259054
259061
259092
259121
259154
259164
259165
259177
259179
259188
259226
259227
259332
259333
259339
259346
259348
259354
259374
259459
259501
259507
259509
259527
259530
259533
259541
259565
259595
259947
259973
259974
260039
260045
260046
260203
260205
260317
260330
260347
260356
260514
261021
261022
261029
261110
261113
261215
261220
261222
261260
261316
261324
261384
261412
261416
261423
261436
261438
261439
261448
261451
261454
261525
261565
261568
261593
261597
261660
261732
261734
261736
261743
261744
261746
261748
261749
261750
261755
261757
261760
261761
261762
261763
261764
261765
261767
261769
261771
261772
261774
261775
261777
261781
261783
261784
261786
261789
261791
261794
261795
261802
261812
261814
261815
261829
261911
261935
262135
262357
262493
262605
263188
263296
263334
263335
263516
263546
263649
263650
263653
263777
263886
263887
263913
264041
264186
264192
264245
264246
264250
264299
264362
264437
264438
264441
264449
264458
264507
264561
264587
264608
264611
264747
264782
264946
265014
265015
265117
265128
265186
265187
265188
265212
265213
265348
265440
265442
265544
265589
265599
265676
265866
265876
265914
266004
266005
266174
266200
266290
266293
266407
266506
266519
266569
266612
266696
266795
266902
266903
266952
266965
267076
267080
267081
267088
267114
267158
267192
267228
267297
267302
267355
267393
267418
267574
267575
267855
268183
268207
268491
270209
270233
270951
271432
271560
271712
271802
272427
272450
272716
273395
273570
275815
275816
275841
276040
279186
279758
279763
279957
279967
280126
280362
280371
280386
280465
280499
280669
280683
280742
280865
280923
281098
281130
281134
281210
281323
281329
281470
281504
281817
281882
282205
282361
282420
282543
282584
282780
282793
282823
283125
283283
283340
283463
283505
283701
283714
283801
283827
283869
283991
284048
284168
284203
284524
284777
284778
284780
285018
285360
285423
285468
285496
285586
285676
285693
285705
285748
285876
285897
286053
286083
286132
286133
286175
286218
286760
286776
287007
287365
287425
287467
287495
287670
287685
287696
287737
287854
287869
288311
288385
288557
288567
288601
288639
288736
288819
289420
289458
289460
289499
289551
289552
289566
289577
289580
289583
289612
289634
289645
289658
289665
289695
289705
289720
289779
289788
289866
289867
290035
290036
290063
290070
290245
290284
290293
290432
290447
290525
290541
290545
290592
290622
290676
290680
290683
290710
290711
290760
290763
290765
290786
290824
290842
290857
290883
290917
290944
291119
291144
291171
291247
291302
291320
291321
291327
291328
291329
291340
291881
291902
291971
292006
292104
292172
292241
292271
292309
292315
292331
292332
292370
292371
292491
292495
292605
292640
292858
292944
292989
293236
293240
293349
293350
293358
293391
293519
293534
293547
293598
293696
293801
293816
293817
293828
293841
293914
294050
294336
294363
294595
294624
294663
294669
294684
294685
294723
294725
294932
294975
294977
295059
295064
295065
295067
295252
295374
295382
295386
295404
295550
295836
295863
296095
296124
296163
296169
296184
296185
296223
296225
296571
296584
296585
296630
296708
296758
296789
296792
297342
297343
297410
298428
299087
299215
300531
300582
300783
301037
301039
301046
301047
301180
301181
301196
301812
301818
301826
302032
302406
302499
302674
302677
302825
302946
303209
303236
303237
303502
303713
303718
303723
304058
304059
304071
304072
304073
305043
305048
305076
305332
305370
305371
306389
306392
306435
306526
306532
307046
307498
307499
307511
308336
308518
308711
308899
308900
309070
309228
309229
309230
309487
309488
309499
309500
309501
310370
310378
310400
310643
310682
310684
311650
312113
312146
312153
312190
312193
312233
312234
312289
312304
312621
312692
312693
312717
312869
313267
314146
314311
314491
314497
314602
314616
315078
315084
315089
315266
315638
315779
315887
316178
316752
316762
317142
318030
318032
318070
318073
318129
318293
318294
318296
318309
318311
318331
318333
318341
318342
318350
318354
318363
318364
318431
318432
318433
318444
318477
318510
318558
318844
318949
319084
319448
319620
319626
319630
320073
320085
320185
320191
320353
320488
322218
322228
322960
322982
323004
323010
323015
323025
323033
323048
323053
323055
323056
323061
323062
323072
323139
323144
323155
323163
323168
323180
323188
323192
323213
323242
323243
323308
323327
323332
323353
323366
323434
323453
323455
323457
323464
323521
323525
323528
323532
323573
323584
323592
323596
323619
323683
323924
324086
324224
324346
324667
324721
324879
325139
325295
325423
325545
325561
325562
325631
325671
325688
325758
325777
325783
325788
325789
325995
325998
326018
326020
326034
326565
326587
326645
326729
326769
327286
327811
327929
328131
328252
328269
328286
328344
328472
328563
328641
328724
328866
328910
329400
329790
329987
330031
330522
330854
330906
330924
330950
330953
330975
330983
331014
331043
331073
331075
331087
331608
331617
331620
331631
331666
331667
332290
332291
332410
332437
332520
332530
332542
332638
332807
332840
333018
333019
333021
333034
333043
333054
333073
333173
333224
333227
333240
333299
333342
333349
333539
333562
333653
333750
333862
333881
333996
334094
334109
334110
334113
334144
334158
334187
334286
334292
334299
334321
334322
334323
334338
334340
334342
334345
334382
334384
334410
334412
334421
334449
334471
334475
334482
334535
334547
334591
334613
334621
334622
334626
334631
334632
334633
334636
334657
334660
334676
334683
334684
334689
334754
334802
334940
334951
335076
335232
335233
335333
335398
335412
335420
335430
335536
335564
335664
335665
335753
335808
335865
335987
336027
336219
336225
336234
336337
336393
336516
336556
336748
336764
336768
336813
336916
336919
336959
337080
337136
337189
337254
337259
337375
337434
337435
338367
338786
339042
339043
339140
339177
339184
339202
339223
339259
339279
339316
339325
339353
339561
339562
339646
339647
339648
339649
339664
339668
339675
339687
339698
339725
339726
339758
339822
340053
340100
340153
340155
340163
340166
340175
340187
340564
340567
340571
340596
340702
340862
341019
341237
341241
341308
341469
341504
341672
341682
341933
342063
342073
342214
342344
342496
342536
342599
342621
342723
342745
342801
342924
342954
342990
343179
343539
343769
343959
344532
344599
345762
345832
346316
346352
346353
346356
346360
346529
347727
347980
347987
348004
348103
348274
348275
348557
348894
348902
349091
349176
349381
349398
349402
349403
349404
349405
349504
349530
349555
349870
349941
350338
351148
351166
351274
351278
351280
351281
351309
352110
352124
352598
352667
352754
352774
353749
353751
353843
354232
354238
354620
354786
354790
355046
355668
355694
355803
355855
355859
356057
356059
356104
356115
356120
356135
356170
356184
356228
356257
356301
356457
356467
356471
356472
356473
356499
356501
356538
356540
356545
356587
356588
356589
356604
356702
356855
356857
356899
356909
356990
356991
356992
356999
357007
357010
357083
357087
357088
357089
357153
357154
357529
357530
357548
357549
357677
357690
357868
357888
357891
357892
357899
357900
357937
357938
358043
358044
358051
358068
358069
358085
358093
358100
358109
358110
358118
358120
358137
358138
358243
358244
358482
358490
359310
359907
360054
360256
360317
360564
360887
360895
361705
362283
362667
362932
363060
363249
363307
363309
363382
363470
363552
363553
363554
363557
363597
363800
363817
363851
363853
363865
363867
363870
363884
363888
363906
363931
363964
363973
364030
364032
364070
364179
364211
364213
364401
364404
364491
364494
364593
364678
364736
364771
364808
364809
364813
364818
364859
364869
364916
364924
365034
365058
365120
365213
365567
365568
365569
365572
365581
365724
365799
365927
365939
365948
365949
365992
366022
366025
366072
366091
366099
366368
366422
366427
366431
366442
366443
366544
366563
366702
366719
366733
366889
366896
366898
366905
366911
367113
367305
367358
367359
367427
367440
368002
368011
368122
368219
368297
368303
368305
368360
368364
368395
368397
368488
368493
368528
368608
368612
368665
368673
368682
368684
368689
368707
368739
368747
368754
368794
368815
368823
368853
369077
369080
369257
369269
369356
369554
369898
369990
369992
370331
370334
370439
370648
370866
370882
370901
370939
371027
371048
371150
371195
371345
371357
371478
371485
371555
371575
371581
371593
371612
371680
371690
371739
371746
371785
375295
375317
375820
375887
377123
377135
377176
377205
377984
378046
378113
378116
379310
379352
379882
379883
379893
379904
379948
379950
379962
379965
379973
380079
380082
380130
380164
380193
380227
380243
380262
380318
381489
381490
381686
383068
383664
384208
384246
384458
384542
384770
384794
384907
385002
385027
385035
385100
385115
385154
385163
385191
385206
385248
385259
385278
385284
385292
385296
385307
385313
385315
385335
385344
385345
385347
385350
385352
385361
385373
385374
385375
385380
385402
385414
385443
385517
385590
385664
385667
385688
385698
385707
385711
385718
385756
385838
385845
385846
385889
385945
385977
386094
386103
386230
386231
386270
386341
386408
386424
386446
386509
386511
386516
386519
386531
386541
386544
386552
386557
386591
386657
386662
386664
386665
386679
386680
386682
386697
386739
386741
386775
386777
386780
386791
386796
386811
386839
386841
386950
386951
386955
386962
386975
387035
387131
387147
387184
387203
387242
387262
387264
387288
387301
387304
387318
387336
387439
387558
387564
387609
387626
387653
387674
387690
387757
387764
387766
387792
387853
387858
387872
388080
388093
388109
388138
388147
388161
388218
388221
388222
388224
388225
388231
388233
388234
388235
388241
388248
388250
388252
388261
388288
388358
388491
388494
388514
388524
388654
388817
388877
388968
389003
389026
389060
389075
389076
389158
389207
389333
389338
389351
389467
389649
389664
389687
389730
389764
389833
389896
390139
390210
390242
390243
390361
390450
390563
390567
390631
390661
390731
391011
391052
391079
391113
391114
391121
391122
391125
391135
391172
391174
391198
391199
391211
391212
391214
391303
391304
391378
391383
391389
391410
391419
391461
391485
391486
391494
391495
391499
391504
391505
391520
391539
391542
391554
391563
391568
391573
391584
391611
391635
391659
391660
391671
391750
391760
391767
391779
391815
391827
391846
391857
391891
391973
392013
392037
392082
392085
392087
392095
392104
392114
392116
392122
392123
392156
392223
392298
392419
392436
392441
392453
392479
392482
392492
392545
392546
392576
392577
392602
392604
392607
392629
392641
392642
392644
392650
392654
392657
392661
392665
392667
392685
392690
392704
392706
392715
392728
392734
392749
392782
392795
392815
392853
392862
392866
392867
392868
392871
392891
392903
392928
392939
392948
392989
393000
393049
393069
393090
393104
393108
393159
393179
393184
393201
393204
393224
393228
393229
393230
393231
393262
393347
393390
393407
393408
393416
393428
393445
393446
393456
393457
393462
393485
393491
393548
393555
393557
393638
393664
393673
393674
393679
393712
393730
393731
393759
393760
393790
393834
393905
393906
393912
393937
393981
394007
394057
394096
394150
394176
394177
394196
394207
394208
394209
394213
394222
394254
394324
394330
394338
394431
394433
394434
394437
394441
394443
394456
394483
394537
394567
394590
394652
394655
394661
394664
394665
394678
394688
394718
394725
394741
394744
394762
394784
394785
394788
394789
394790
394797
394843
394849
394893
394902
395008
395028
395063
395064
395087
395101
395215
395218
395219
395253
395261
395275
395309
395324
395341
395342
395349
395351
395352
395358
395362
395376
395381
395437
395487
395524
395526
395527
395536
395540
395542
395563
395566
395577
395593
395594
395644
395645
395672
395686
395783
395918
395919
395942
395978
395993
396001
396022
396023
396024
396031
396035
396037
396052
396076
396092
396096
396112
396118
396122
396123
396125
396129
396132
396134
396135
396136
396163
396164
396179
396187
396197
396214
396217
396227
396249
396251
396257
396261
396269
396270
396271
396272
396277
396280
396282
396285
396302
396343
396344
396348
396351
396360
396371
396388
396437
396472
396526
396537
396541
396543
396549
396550
396566
396568
396592
396596
396609
396627
396629
396693
396738
396756
396774
396810
396861
396867
396874
396876
396879
396891
396902
396937
396944
396959
396963
397008
397009
397012
397013
397016
397064
397065
397103
397154
397206
397208
397210
397211
397215
397221
397357
397358
397359
397360
397361
397363
397373
397374
397378
397379
397392
397428
397429
397430
397438
397441
397445
397469
397471
397479
397480
397482
397538
397540
397543
397560
397639
397699
397700
397726
397828
397831
397838
397839
397844
397862
397863
397888
397919
397920
397974
397981
398046
398071
398112
398176
398196
398199
398216
398227
398236
398261
398319
398323
398330
398338
398385
398389
398428
398436
398453
398519
398606
398611
398645
398660
398661
398662
398674
398688
398704
398711
398731
398759
398772
398786
398805
398817
398854
398861
398863
398902
398908
398935
398937
398959
398991
399015
399026
399042
399052
399074
399082
399117
399131
399153
399156
399183
399207
399215
399217
399218
399219
399234
399247
399291
399293
399295
399310
399318
399335
399351
399399
399406
399409
399416
399417
399423
399441
399442
399473
399495
399513
399517
399529
399531
399533
399541
399562
399572
399586
399644
399650
399723
399731
399734
399740
399742
399751
399752
399755
399759
399763
399785
399788
399837
399890
399911
399915
399918
399925
399927
399932
399940
399971
400000
400001
400002
400109
400110
400130
400140
400141
400143
400144
400150
400153
400154
400185
400188
400189
400190
400215
400217
400368
400370
400725
400732
401393
401415
401549
401615
402342
402345
402355
402438
402841
402851
402940
402942
402946
402947
402949
402950
402951
402956
402960
402970
403034
403094
403167
403178
403200
403212
403234
403256
403267
403278
403289
403300
403311
403323
403367
403378
403410
403455
403456
403488
403499
403555
403565
403576
403687
403698
403709
403720
403731
403742
403753
403787
403809
403820
403826
403831
403876
403942
403953
403955
403960
403962
403966
403967
403970
403972
403973
403974
403975
403977
403978
403979
403982
403983
403984
403986
403989
403990
403993
403994
403995
403997
404000
404002
404003
404013
404016
404023
404025
404027
404029
404038
404039
404051
404052
404053
404054
404055
404057
404058
404087
404094
404095
404097
404100
404105
404107
404108
404110
404111
404112
404117
404119
404125
404138
404147
404149
404167
404168
404169
404199
404217
404227
404232
404246
404250
404254
404267
404279
404306
404307
404318
404327
404328
404355
404357
404359
404366
404372
404373
404384
404386
404390
404392
404418
404432
404496
404551
404552
404579
404586
404589
404613
404626
404633
404634
404635
404690
404694
404699
404723
404735
404744
404762
404763
404765
404766
404835
404836
404875
405434
405467
405500
405533
405545
405548
405644
405656
405667
405678
405689
405700
405711
405744
405756
405767
405778
405789
405833
405864
405865
405866
405876
405920
405923
405942
405985
405995
406002
406003
406005
406014
406015
406016
406017
406019
406021
406022
406024
406025
406026
406028
406029
406033
406034
406036
406037
406038
406039
406049
406055
406056
406058
406060
406069
406070
406081
406082
406083
406084
406085
406087
406088
406092
406099
406100
406118
406128
406132
406134
406135
406137
406138
406139
406143
406145
406150
406153
406157
406167
406168
406186
406187
406216
406227
406233
406238
406247
406250
406255
406267
406276
406295
406297
406309
406314
406315
406337
406339
406340
406345
406348
406349
406358
406360
406364
406365
406388
406399
406455
406473
406500
406501
406527
406528
406531
406556
406567
406568
406569
406627
406631
406661
406671
406688
406689
406691
406692
406695
406828
406833
406850
406873
406895
406906
406917
406928
406939
407000
407003
407006
407008
407009
407010
407012
407013
407014
407017
407019
407020
407024
407029
407031
407038
407039
407042
407051
407052
407053
407063
407074
407083
407093
407095
407099
407102
407105
407107
407108
407111
407123
407125
407130
407131
407132
407141
407142
407144
407145
407147
407148
407149
407150
407151
407152
407153
407154
407155
407156
407159
407160
407161
407165
407168
407169
407170
407171
407172
407173
407175
407179
407180
407181
407183
407184
407185
407186
407187
407189
407190
407191
407193
407194
407195
407196
407198
407201
407202
407204
407205
407206
407207
407208
407210
407212
407215
407216
407218
407219
407220
407221
407224
407225
407226
407231
407232
407233
407234
407235
407236
407237
407238
407240
407246
407247
407248
407278
407723
407799
407802
407809
407822
407848
407861
407929
407973
408129
408130
408132
408133
408151
408155
408179
408267
408269
408270
408271
408272
408273
408278
408284
408288
408289
408294
408297
408301
408320
408328
408330
408348
408362
408365
408366
408380
408392
408403
408493
408517
408536
408598
408610
408639
408921
408966
409021
409055
409079
409186
410019
410041
410339
410340
410341
410342
410347
410348
410352
410358
410363
410364
410365
410366
410368
410387
410402
410405
410411
410415
410453
410461
410466
410467
410491
410884
411153
411154
411166
411197
411223
411226
411227
411228
411260
411261
411317
411318
411344
411365
411379
411400
411409
411410
411411
411424
411546
411622
411671
411680
411686
411693
411818
411920
411928
411929
411969
412002
412017
412019
412023
412067
412080
412164
412257
412323
412395
412421
412480
412513
412514
412567
412583
412592
412602
412613
412631
412684
412774
412783
412791
412794
412815
412875
412908
412919
412922
412938
412941
412950
412969
413182
413198
413268
413276
413294
413357
413360
413483
413487
413495
413809
413830
413878
413912
413921
414040
414041
414068
414069
414071
414082
414086
414090
414095
414236
414256
414289
414297
414300
414376
414414
414415
414417
414429
414430
414437
414462
414475
414672
414737
414738
414769
414821
414851
414859
414862
414875
414923
415053
415092
415093
415117
415172
415218
415219
415229
415230
415252
415257
415296
415349
415364
415368
415369
415371
415429
415477
415478
415489
415511
415610
415614
415623
415626
415636
415668
415747
415831
415834
415836
415961
415972
416003
416060
416062
416066
416079
416091
416099
416100
416211
416247
416294
416423
416443
416495
416526
416622
416743
416790
416833
416845
416868
416904
416944
416981
417093
417104
417147
417314
417315
417428
417564
417585
417590
417654
417656
417679
417691
417754
417766
417768
417769
417779
417780
417799
417865
417901
417919
418100
418128
418254
418255
418263
418267
418274
418346
418385
418388
418389
418421
418425
418446
418452
418530
418533
418552
418557
418596
418610
418666
418668
418730
418763
418888
418889
418891
418895
418908
418944
419058
419086
419097
419099
419100
419101
419142
419239
419261
419320
419328
419330
419345
419346
419464
419486
419567
419569
419570
419607
419725
419763
419765
419776
419784
419841
419860
419875
419885
420024
420075
420076
420077
420102
420157
420190
420205
420216
420221
420269
420276
420360
420362
420401
420563
420573
420595
420637
420668
420729
420799
420809
420815
420918
420942
420946
421063
421064
421083
421085
421091
421099
421103
421106
421113
421192
421201
421249
421257
421275
421302
421322
421340
421341
421342
421343
421389
421421
421430
421484
421485
421496
421503
421504
421546
421549
421554
421558
421591
421674
421680
421688
421689
421729
421730
421763
421764
421785
421871
421872
421873
421878
421894
421895
421897
421904
421935
421955
421961
421968
421969
421970
421973
422004
422008
422031
422046
422057
422067
422089
422105
422134
422147
422245
422247
422248
422452
422495
422569
422575
422584
422597
422600
422640
422751
422753
422815
422828
422872
422879
422884
422933
422947
422970
423007
423008
423010
423050
423052
423070
423087
423088
423103
423261
423275
423306
423348
423357
423393
423419
423464
423515
423565
423567
423613
423617
423656
423667
423792
423805
423812
423813
423823
423831
423847
423882
423903
423906
423914
423924
423979
424027
424062
424077
424119
424188
424235
424286
424292
424315
424316
424324
424345
424437
424469
424478
424497
424528
424535
424537
424565
424638
424660
424724
424799
424802
424810
424817
424950
424968
425005
425009
425010
425023
425055
425080
425096
425216
425248
425306
425330
425375
425388
425414
425426
425462
425546
425558
425569
425625
425668
425679
425698
425710
425763
425787
425802
425826
425828
425834
425835
426043
426104
426191
426192
426204
426205
426206
426215
426220
426349
426415
426477
426593
426607
426609
426615
426641
426689
426698
426700
426763
426764
426774
426813
426819
426832
426867
426872
426933
426941
426960
427014
427086
427095
427184
427186
427210
427297
427326
427418
427473
427543
427595
427946
427964
428070
428075
428076
428105
428109
428130
428136
428211
428263
428276
428442
428510
428511
428513
428514
428596
428652
428678
428679
428741
428765
428768
428805
428847
428849
428850
428853
428968
429002
429038
429043
429072
429084
429171
429287
429334
429377
429757
429762
429778
429801
429815
429868
429886
429887
429896
429899
429944
429945
429946
429982
430010
430012
430015
430016
430028
430051
430053
430066
430067
430070
430071
430078
430087
430092
430123
430152
430158
430161
430177
430322
430326
430549
431366
431519
431545
431546
431547
431745
431829
431883
432136
432154
432218
432309
432906
432938
432957
432973
432990
433038
433039
433205
433961
434417
434522
434533
434537
434561
434564
434583
434591
434618
434629
434647
434680
434681
434683
434717
434720
434725
434740
434767
434778
434802
434858
434890
434894
434916
434931
434983
435064
435067
435082
435105
435139
435140
435141
435244
435262
435279
435292
435317
435321
435323
435344
435357
435384
435425
435426
435444
435460
435474
435480
435557
435595
435597
435647
435656
435697
435723
435727
435741
435754
435755
435770
435775
435793
435823
435837
435895
435896
435912
435918
435920
435926
435928
435929
435931
435934
435935
435962
436169
436170
436171
436173
436174
436175
436184
436310
436324
436349
436380
436442
436453
436498
436509
436517
436530
436672
436760
436762
436778
436782
436852
436931
436996
437015
437034
437036
437061
437067
437112
437119
437125
437140
437167
437201
437215
437221
437235
437264
437311
437363
437370
437378
437394
437423
437445
437486
437522
437564
437660
437671
437673
437689
437696
437715
437744
437755
437770
437799
437801
437803
437838
437842
437852
437876
437887
437907
437955
437984
437987
438009
438026
438072
438148
438215
438216
438217
438282
438307
438320
438335
438336
438349
438376
438395
438408
438431
438470
438471
438487
438501
438517
438523
438588
438627
438628
438667
438675
438704
438713
438767
438813
438843
438913
438915
438983
439003
439099
439100
439197
439207
439224
439245
439248
439259
439294
439304
439313
439396
439445
439492
439494
439506
439537
439858
439903
439904
439921
439922
439968
439976
440014
440020
440028
440055
440064
440079
440085
440095
440102
440105
440106
440159
440165
440172
440186
440187
440188
440192
440195
440263
440272
440293
440303
440312
440340
440740
440753
440882
440924
440946
440952
440971
441122
441176
441483
441494
442025
442528
442637
442742
442744
443041
443141
443210
443224
443289
443303
443334
443436
443834
443919
443920
444176
444261
444500
444697
444832
444992
445322
445746
445822
446016
446315
446528
446529
446573
446581
447115
447278
447318
447498
447820
448851
449018
449114
449283
449298
449524
449534
449541
449549
449632
449636
449638
449642
449645
449660
449746
449951
449964
449965
449966
449991
449992
449993
450002
450005
450133
450137
450138
450150
450170
450175
450185
450369
450499
450549
450550
450554
450555
450557
450558
450560
450570
450636
450725
450742
450750
451257
451302
451446
451487
451556
451598
451741
451748
451761
451762
451849
451851
451853
451854
451855
451856
451869
452019
452244
452257
452750
452795
452939
452953
453049
453091
453232
453257
453258
453260
453266
453269
453279
453286
453290
453301
453323
453362
453371
453375
453376
453377
453380
453386
453395
453399
453411
453413
453430
453431
453457
453458
453461
453502
453530
453534
453536
453561
453565
453569
453570
453573
453574
453585
453592
453607
453611
453615
453616
453618
453620
453621
453622
453632
453649
453657
453673
453681
453682
453683
453684
453811
453833
453836
453855
453860
453910
453930
453941
453967
453982
453984
453988
453990
454004
454008
454014
454020
454022
454034
454039
454042
454044
454055
454111
454116
454117
454132
454137
454138
454139
454140
454143
454156
454190
454191
454204
454206
454210
454268
454310
454345
454432
454495
454496
454524
454536
454567
454568
454569
454578
454594
454611
454622
454679
454732
454765
454776
454807
454875
454876
454878
454885
454886
454891
454940
454942
454951
454964
454975
454978
455000
455001
455002
455003
455005
455021
455071
455073
455084
455111
455112
455113
455122
455125
455131
455212
455221
455235
455246
455250
455260
455285
455296
455303
455315
455353
455354
455364
455503
455619
455620
455621
455622
455625
455629
455635
455636
455640
455660
455676
455695
455699
455731
455732
455734
455741
455766
455782
455790
455792
455845
455856
455857
455858
455859
455860
455875
455899
455904
455908
455927
455935
455942
455945
455960
455961
455965
455966
455981
456000
456008
456014
456015
456039
456040
456041
456045
456046
456055
456093
456108
456129
456157
456164
456172
456198
456211
456220
456226
456262
456277
456339
456342
456376
456428
456447
456507
456508
456509
456517
456518
456519
456520
456554
456932
457302
457406
457659
457798
457806
457807
457810
457812
457819
457820
457825
457829
457834
457836
457837
457839
457842
457844
457850
457852
457865
457874
457883
457885
457887
457889
457890
457891
457894
457895
457897
457901
457905
457906
457907
457910
457911
457913
457914
457918
457919
457920
457922
457925
457927
457931
457943
457946
457949
457951
457954
457961
457963
457965
457975
457979
457981
457988
457997
458002
458004
458011
458018
458022
458023
458027
458029
458034
458035
458036
458039
458041
458042
458048
458057
458062
458064
458067
458068
458070
458071
458079
458080
458085
458100
458102
458103
458105
458108
458115
458121
458125
458144
458153
458156
458164
458165
458166
458167
458171
458173
458175
458177
458178
458179
458181
458183
458189
458190
458209
458216
458238
458247
458289
458292
458293
458294
458295
458296
458302
458311
458317
458318
458321
458325
458334
458340
458341
458378
458382
458402
458431
458443
458445
458449
458459
458467
458468
458485
458487
458501
458517
458532
458533
458535
458542
458543
458549
458555
458566
458567
458568
458573
458611
458618
458652
458658
458672
458674
458712
458719
458727
458731
458732
458739
458741
458754
458786
458787
458808
458809
458818
458822
458833
458848
458858
458859
458860
458886
458889
458891
458892
458897
458898
458917
458927
458928
458930
458932
458945
458946
458948
458952
458954
458958
458961
458964
458966
458967
458969
458970
458971
458973
458974
458978
458980
458981
458982
458984
458987
458989
458990
458991
458996
458997
458999
459002
459005
459006
459012
459019
459026
459029
459035
459040
459042
459061
459069
459079
459088
459090
459100
459152
459164
459449
459470
459472
459490
459499
459506
459517
459519
459530
459594
459662
459737
459895
460025
460026
460027
460029
460030
460033
460034
460035
460036
460037
460040
460042
460045
460046
460047
460048
460069
460235
460281
460303
460345
460574
460580
460666
460808
461077
461261
461272
461488
461586
461588
461715
461788
461836
461858
462105
462143
462165
462171
462174
462186
462298
462491
462525
462707
462792
462804
462828
462880
462943
463177
463194
463387
463547
463567
463601
463619
463665
463826
463832
463835
463890
463900
463969
464041
464073
464111
464130
464144
464165
464222
464228
464261
464407
464420
464536
464557
464631
464635
464647
464673
464691
464838
464846
465036
465093
465098
465289
465460
465943
466178
466187
466284
466357
466401
466426
466665
466666
466700
466719
466725
466741
466851
467035
467068
467242
467319
467332
467358
467468
467682
467693
467879
468027
468050
468084
468098
468153
468298
468299
468300
468302
468305
468443
468504
468534
468566
468586
468591
468624
468675
468681
468695
468842
468858
468958
468980
469057
469059
469070
469107
469127
469226
469290
469292
469302
469304
469305
469312
469342
469355
469356
469391
469443
469471
469474
469475
469476
469477
469498
469504
469508
469514
469525
469528
469529
469543
469550
469562
469566
469570
469577
469584
469585
469651
469968
469998
470086
470088
470123
470567
470600
470722
470902
471265
471459
471635
471679
471701
471851
472030
472151
472184
472532
472542
472566
472586
472587
472588
472598
472599
472612
472621
472623
472705
472753
472778
472794
472795
472988
473001
473011
473020
473029
473034
473080
473086
473088
473091
473093
473097
473110
473117
473119
473138
473141
473195
473200
473201
473202
473214
473224
473231
473233
473318
473322
473427
473428
473504
473522
473523
473527
473534
473799
474085
474160
474169
474182
474194
474205
474421
474460
474625
474638
474640
474660
474694
474842
474877
475180
475215
475385
475405
475501
475550
475573
475601
475608
475646
475653
475678
475683
475744
475926
475936
475944
475986
476056
476170
476234
476254
476288
476289
476298
476302
476319
476332
476354
476391
476416
476602
476673
476677
476726
476790
476792
476844
476875
476876
476930
476980
476990
476991
476992
476994
476999
477039
477088
477090
477109
477281
477308
477318
477562
477603
477627
477631
477728
477734
477736
477832
477846
477871
478069
478080
478085
478094
478188
478463
478474
478476
478485
478510
478557
478586
478685
478706
478821
478831
478974
478994
479004
479015
479045
479152
479163
479174
479180
479263
479270
479291
479355
479380
479507
479590
479603
479663
479677
480023
480135
480139
480180
480206
480212
480249
480267
480269
480275
480287
480302
480311
480367
480373
480502
480585
480615
480718
480730
480732
480743
480774
480790
480862
480883
481109
481334
481351
481370
481378
481418
481440
481488
481609
481611
481629
481712
481724
481789
481793
481795
481796
481798
481806
481845
481893
481894
481914
481984
482010
482014
482049
482153
482175
482204
482223
482227
482233
482248
482253
482261
482283
482293
482298
482338
482395
482397
482400
482403
482413
482433
482447
482451
482480
482484
482485
482486
482495
482502
482508
482558
482625
482627
482648
482659
482679
482690
482691
482699
482781
482792
482888
483236
483302
483307
483316
483321
483389
483397
483400
483415
483441
483514
483534
483552
483604
483741
484029
484077
484101
484151
484242
484383
484391
484472
484530
484532
484560
484581
484815
484877
484923
484969
485093
485171
485176
485189
485196
485199
485261
485343
485372
485404
485432
485449
485554
485610
485800
485839
486259
486260
486261
486262
486271
486273
486279
486290
486451
486578
486593
486594
486598
486600
486612
486649
486850
486852
486972
487054
487100
487125
487128
487132
487133
487138
487142
487153
487236
487260
487263
487275
487292
487304
487317
487332
487372
487410
487449
487453
487472
487604
487616
487618
487620
487718
487733
487736
487738
487774
487810
487813
487814
487815
487816
487835
487878
487892
487893
487894
487915
487937
487939
487941
488070
488082
488084
488086
488198
488249
488250
488284
488285
488369
488372
488386
488447
488450
488474
488493
488505
488519
488577
488650
488721
488740
488743
488747
488791
488821
488827
488879
488880
488886
488923
488928
488932
488933
488936
488967
489012
489023
489117
489119
489120
489131
489153
489185
489187
489217
489251
489252
489464
489475
489485
489603
489620
489621
489630
489646
489722
489731
489811
489831
489867
489972
489977
490003
490012
490165
490176
490334
490342
490343
490345
490347
490383
490390
490391
490392
490455
490479
490491
490546
490573
490597
490688
490712
490750
490763
490929
491052
491147
491324
491325
491352
491355
491356
491433
491632
491636
491752
491884
491936
491971
491984
491988
492122
492193
492354
492357
492383
492386
492387
492411
492412
492413
492524
492618
492665
492699
492743
492761
492762
492763
492768
492791
492848
493348
493505
493544
493545
493558
493559
493654
493878
493918
494045
494094
494095
494259
494285
494318
494339
494341
494350
494355
494392
494460
494535
494606
494621
494631
494632
494660
494672
494718
494720
494722
494723
494732
494733
494737
494742
494785
494786
494826
494829
494831
494836
494841
494842
494890
494903
495005
495138
495177
495224
495235
495263
495279
495293
495305
495307
495316
495335
495356
495404
495436
495479
495508
495586
495670
495672
496221
496320
496324
496424
496425
496436
496572
496725
496761
496763
496771
496875
496876
496998
497343
497464
497495
497713
497846
497848
497899
497921
498467
498477
498607
498682
498944
498954
499115
499154
499159
499181
499190
499384
499535
499537
499588
499655
499753
499760
499773
499794
499850
499856
499919
499975
499976
499984
500019
500104
500316
500404
500443
500497
500498
500539
500550
500562
500779
500854
500932
500983
501053
501062
501196
501390
501392
501402
501426
501436
501627
501657
501670
501715
501720
501721
501814
501898
501909
501910
502129
502245
502367
502375
502442
502494
502578
502593
502625
502673
502737
502746
502839
502863
502910
502911
502921
503001
503091
503092
503139
503152
503369
503503
503924
503929
503938
503946
503959
503989
503996
504044
504127
504132
504136
504194
504196
504257
504269
504278
504302
504310
504357
504368
504369
504370
504371
504378
504383
504389
504393
504395
504401
504405
504438
504444
504450
504553
504561
504704
504843
504858
504930
505237
505290
505315
505336
505345
505397
505529
505530
505580
505756
506085
506216
506421
506475
506491
506511
506515
506518
506530
506564
506572
506589
506609
506631
506679
506707
506740
506754
506778
506779
506831
506882
506895
506958
507074
507290
507871
507949
508333
508362
508398
508467
508679
508838
508839
508840
508980
509009
509019
509029
509032
509058
509062
509063
509075
509092
509093
509108
509129
509237
509248
509253
509292
509297
509300
509304
509306
509320
509324
509363
509382
509390
509410
509411
509440
509451
509474
509483
509489
509515
509518
509555
509574
509585
509609
509613
509620
509626
509633
509636
509639
509644
509646
509657
509660
509661
509663
509664
509670
509703
509727
509732
509733
509751
509756
509771
509785
509804
509813
509814
509815
509816
509824
509829
509841
509854
509891
509892
509909
509921
509929
509968
510058
510070
510071
510080
510086
510123
510128
510133
510138
510142
510146
510197
510246
510248
510253
510274
510277
510294
511819
511820
511831
511835
511865
511866
511896
511938
511974
511975
511984
511998
512016
512082
512107
512112
512118
512119
512126
512130
512138
512171
512172
512211
512221
512228
512237
512249
512299
512300
512443
512460
512485
512522
512635
512676
512712
512880
512896
512922
512935
513040
513041
513087
513088
513096
513098
513190
513207
513232
513245
513447
513623
513664
513679
513803
513840
513853
513881
514153
514165
514226
514241
514250
514577
514597
514613
514626
514635
514648
514654
514665
514673
514691
514712
514723
514804
514876
514928
515208
515253
515280
515291
515293
515341
515351
515734
515752
516000
516004
516048
516054
516056
516155
516295
516425
516650
517045
517046
517050
517051
517052
517302
517306
517334
517353
